Row,L_ACC_area24,L_ACC_area32,L_Idfm_custom_bin,L_Idys,L_Ig,L_MCC,L_NAc,L_OFC,L_PAG,L_PBC,L_PFC,L_PrCo,L_Ri,L_S1,L_S2,L_SN,L_agranularIns_bin,L_amygdala,L_area13,L_caudate,L_dAIC_custom_bin_agranTrim,L_globus_pallidus,L_hypothalamus,L_paraIns,L_parietal_lobule_area3b,L_posterior_medial_cortex_area7m,L_putamen,L_subgenual_area25,L_thalamus_ohne_genicula,R_ACC_area24,R_ACC_area32,R_Idfm_custom_bin,R_Idys,R_Ig,R_MCC,R_NAc,R_OFC,R_PAG,R_PBC,R_PFC,R_PrCo,R_Ri,R_S1,R_S2,R_SN,R_agranularIns_bin,R_amygdala,R_area13,R_caudate,R_dAIC_custom_bin_agranTrim,R_globus_pallidus,R_hypothalamus,R_paraIns,R_parietal_lobule_area3b,R_posterior_medial_cortex_area7m,R_putamen,R_subgenual_area25,R_thalamus_ohne_genicula
L_ACC_area24,0,0.664636987373392,0.504612649623219,0.581132377218352,0.600876435088752,0.748062644907366,0.546753573995933,0.59049892610871,0.426836631770745,0.465927393349842,0.763125099454899,0.418067779738222,0.528847127265686,0.65262758003055,0.553974442762966,0.465159270372658,0.612961308417849,0.552317663869622,0.662509786372617,0.646210289987339,0.48206019404544,0.555874449963338,0.522187765582182,0.524156997152932,0.528478974623076,0.560665393972104,0.63961829164228,0.46030570358675,0.507202366941351,0.810071616604483,0.590291266111723,0.504637315524451,0.554909559983667,0.617590975662575,0.728868417288752,0.531372189592742,0.561577292053584,0.426072841736048,0.466925817838141,0.724560889188719,0.459863811651252,0.569356404890751,0.622528450314397,0.567006488594561,0.45357928328141,0.568880420101909,0.559031331150213,0.629692499942906,0.625129770132829,0.506672817673469,0.548012891300564,0.533610766756186,0.510580910267049,0.495226731448478,0.581022191127073,0.638662933359033,0.514546256067445,0.534423619250637
L_ACC_area32,0.664636987373392,0,0.431462480780534,0.470598448378257,0.489357195712822,0.529286880584467,0.441497640743164,0.544843131608271,0.278330640682419,0.331208262554409,0.607550775504078,0.347164927064954,0.42149598517921,0.493247782546058,0.465728557895918,0.32634764028217,0.522476475199169,0.408219050579909,0.65920489898127,0.537017288961766,0.419709817220072,0.41851280637375,0.341562943092284,0.407237487509987,0.434497945523635,0.438570020794894,0.53309607066612,0.504147121712109,0.352492138208494,0.636939211692022,0.792432486151509,0.451566555911263,0.455656815308649,0.485574092307024,0.561610757219493,0.426370940049132,0.477575344992534,0.269721935078646,0.357570209419285,0.558432700833417,0.390218167347603,0.434792922591824,0.47196809851075,0.465461539154226,0.296655348902089,0.517322928014177,0.431700191044686,0.597749952897448,0.545585227568967,0.443988059677094,0.4286373402461,0.357577928212355,0.387187253757046,0.370638738582795,0.443139021827085,0.527418456984714,0.527799272402919,0.355458200901434
L_Idfm_custom_bin,0.504612649623219,0.431462480780534,0,0.747338097329855,0.633593271658601,0.529175921914105,0.502451915585588,0.431756029564746,0.380046989692538,0.411969528984855,0.568822223662669,0.523367259018106,0.517437016986603,0.685800575514348,0.85733720421372,0.425715014862392,0.630990416361772,0.553382317622472,0.573461943701421,0.635143791498204,0.768370997694474,0.500107148938396,0.468220834498892,0.515793425708963,0.527236368965603,0.405516741515501,0.632671776569438,0.426416561050995,0.430857234005792,0.496794632728434,0.446327701193783,0.755718501625244,0.681107713312156,0.58971254957268,0.548606109341142,0.491989623702253,0.407463397332694,0.367467155889201,0.417647973142897,0.526578777775472,0.486235731609161,0.496163870639337,0.658065707971319,0.725870079201066,0.424640330972613,0.564893065734667,0.583497725392033,0.516458307887901,0.614485071058121,0.631887329478689,0.533322738531991,0.476118071600622,0.446137986964646,0.450945201083302,0.435011831876475,0.635260086105914,0.440137768777543,0.441970346321845
L_Idys,0.581132377218352,0.470598448378257,0.747338097329855,0,0.808365127234369,0.612898563549544,0.609353552850992,0.479680261641427,0.413312618173762,0.48964139605357,0.65752010018874,0.544478045692494,0.625876671548533,0.756062940336458,0.817980130195107,0.486860788459952,0.759906524446391,0.654314938412557,0.645575626353931,0.67654157302356,0.641725881332595,0.595637340330001,0.526823650123649,0.822695543199659,0.580276605846977,0.514007352790851,0.767961508590555,0.521012612746579,0.487992596365747,0.577538951425199,0.481606277730863,0.65308218054783,0.834464454084587,0.747347260244519,0.63530816320078,0.588786723313642,0.478476770261739,0.39681921732373,0.473206699804996,0.625531535083832,0.567755121161103,0.60740070390553,0.758983469246495,0.783485830998128,0.460717058762062,0.71001650124575,0.677170416753841,0.615422970451326,0.683354074897535,0.635030656593193,0.613500945069923,0.538465650320749,0.68450233624688,0.587826888253004,0.550692050784286,0.745472345084287,0.545901273764073,0.506322264100036
L_Ig,0.600876435088752,0.489357195712822,0.633593271658601,0.808365127234369,0,0.674967133520941,0.603006605152156,0.460203829288429,0.430825270950426,0.499590219834357,0.636822214230528,0.444604407782538,0.75069938569211,0.7686420905821,0.769194463546834,0.49907422807294,0.673095251201301,0.591156554249044,0.659048766866118,0.677416015989148,0.526366201073893,0.639952414599512,0.524900538882876,0.707456099664641,0.60793228491109,0.520049891521348,0.798413720038955,0.493611406535523,0.491592521978541,0.580699730831982,0.494944930381302,0.599974285728831,0.699223855259952,0.807257036653915,0.690303976317606,0.570983932536411,0.454445723963095,0.395168047060777,0.48418496044458,0.616518858163599,0.474475965592139,0.699818010006084,0.738453007824406,0.717045374904815,0.462366147525335,0.633527583556462,0.62755648730769,0.611955170226572,0.692005051306258,0.578493541732754,0.618258688494477,0.516560048317995,0.583979685693389,0.623288714494325,0.584071620270462,0.745793634300914,0.52493927054516,0.501404067239737
L_MCC,0.748062644907366,0.529286880584467,0.529175921914105,0.612898563549544,0.674967133520941,0,0.553377479991433,0.493253467919174,0.474188539164287,0.539711388833871,0.654471818174217,0.430143959474678,0.571680536416847,0.698997367467557,0.586466715726241,0.521455227799521,0.589852927078605,0.574395299633992,0.609434080598353,0.681932968685956,0.489937218777024,0.585590276786695,0.549624804507913,0.54820899602086,0.535878004990266,0.652113202085262,0.689056675806881,0.463499990528114,0.541550427654346,0.654196337373407,0.50614690480074,0.492953264899484,0.562622089381665,0.670613111952717,0.863500993674853,0.532522846809561,0.446827392643849,0.472340915681353,0.519438489772059,0.617439342273547,0.404866737780201,0.642633313716075,0.658152380692984,0.570859069098129,0.518215298999285,0.569016670312574,0.584362203659254,0.573923998071145,0.665669448635224,0.477569441237533,0.585435830875571,0.565421477842172,0.521553886478441,0.523420961764938,0.682388186797958,0.672464736380272,0.499550781114268,0.55596739916623
L_NAc,0.546753573995933,0.441497640743164,0.502451915585588,0.609353552850992,0.603006605152156,0.553377479991433,0,0.430514298132076,0.433413952989989,0.504940431105765,0.589605187299109,0.408064964817868,0.53569022566133,0.588200844951026,0.539620909521231,0.464083581892836,0.616916877462353,0.604812052355822,0.596484465628429,0.714286512361573,0.458924152785055,0.650496401643852,0.525951914526656,0.550548848795187,0.495827909265263,0.426319027787916,0.733266038948838,0.608502625349999,0.508980458058973,0.525173513844504,0.433140813418534,0.49596730129214,0.598784395548784,0.605541710711227,0.580894576419984,0.674063215243397,0.408593786151099,0.414848087200553,0.481748067481367,0.559738604817225,0.44300461915648,0.511819065981748,0.590170371971458,0.55199156247361,0.440053895213107,0.605146447340997,0.61363874794022,0.582799419591019,0.664340077923036,0.489506236473803,0.60068100562379,0.527957229497599,0.541689391664072,0.481249564093245,0.480075487436156,0.719092406309993,0.530405138238626,0.525634079893923
L_OFC,0.59049892610871,0.544843131608271,0.431756029564746,0.479680261641427,0.460203829288429,0.493253467919174,0.430514298132076,0,0.327805876424037,0.345442836295492,0.778538569308306,0.436886977634297,0.38095124583775,0.551465177102516,0.496323095490835,0.330338231615592,0.474193044165842,0.443750342416482,0.690311979359972,0.495384477441907,0.48759160344873,0.433005237396885,0.372960041631186,0.428642612264465,0.429233654757636,0.442198636751927,0.525665580937609,0.400276729605602,0.389086702669207,0.645760084422321,0.581472699283203,0.41911549440989,0.491760036266149,0.491357941987712,0.51495101169166,0.416197164747401,0.690213569306535,0.315723895591393,0.315949572628908,0.742626049813976,0.395185867053853,0.439421966309522,0.556887029829638,0.481353916763692,0.315781857633158,0.503916363185104,0.439936378411216,0.668056674017694,0.515456466692454,0.434873801961773,0.393627258335461,0.390154785935729,0.403902387998843,0.382237036090591,0.437386154671376,0.523647953457698,0.444251779856737,0.413820487028317
L_PAG,0.426836631770745,0.278330640682419,0.380046989692538,0.413312618173762,0.430825270950426,0.474188539164287,0.433413952989989,0.327805876424037,0,0.73199179415148,0.455487177874169,0.305857833203213,0.427545012019825,0.488773687406748,0.42478583834301,0.755806068107939,0.404551566848572,0.52634171515893,0.456103061691378,0.56411277999701,0.336643681116387,0.534336084160198,0.745202963713449,0.370751240378825,0.391328262707959,0.371453883826994,0.50023909269613,0.299958514846504,0.806334378984007,0.45722187403956,0.334422299427407,0.331001532555552,0.367540226195565,0.395642719583451,0.489783886940593,0.492930792570538,0.365892135734424,0.916939472045408,0.640064101606515,0.463851858265711,0.307797650532868,0.407646158739488,0.497308176015411,0.374763439456025,0.74219724049938,0.366818609746232,0.542739068270793,0.443733027663754,0.572018245407084,0.302023297749301,0.538391974590266,0.75094672821341,0.386786193624426,0.378895755597467,0.437029871480595,0.509261612466779,0.281789134354331,0.805743138350411
L_PBC,0.465927393349842,0.331208262554409,0.411969528984855,0.48964139605357,0.499590219834357,0.539711388833871,0.504940431105765,0.345442836295492,0.73199179415148,0,0.474133822592071,0.354034894671099,0.484242064045837,0.540020917636563,0.457083274956255,0.713260701487506,0.485263365641028,0.492561507984639,0.485219818059081,0.594815376414677,0.365608639140325,0.572051253501345,0.681036066900801,0.448350927437412,0.412155517835429,0.454276436738088,0.563433442924673,0.349032947345838,0.681722607475586,0.454427886486597,0.349956733683158,0.396453086544552,0.437757894441815,0.481942732902625,0.561365891059802,0.508206972437269,0.362489841215885,0.689125320365221,0.710561344123061,0.457503360979673,0.343696357744627,0.483655498626495,0.522447145429306,0.442373370319392,0.680926811892351,0.436341411455815,0.554319340358412,0.458621546494277,0.591071728074964,0.352976003892319,0.555041450630267,0.680331338510583,0.418106484243771,0.401788955382841,0.518973917088885,0.583167519204987,0.341275003179129,0.68391297095768
L_PFC,0.763125099454899,0.607550775504078,0.568822223662669,0.65752010018874,0.636822214230528,0.654471818174217,0.589605187299109,0.778538569308306,0.455487177874169,0.474133822592071,0,0.480438327635361,0.544298639603371,0.719131651249559,0.614147511670341,0.494024505599721,0.658064796251304,0.603630556852425,0.79001515551492,0.656182299531535,0.541149679014801,0.593298670249972,0.556260498703844,0.582658764451914,0.581181111094056,0.575867956515194,0.698488899734393,0.562178871546428,0.528193117011479,0.756921576794395,0.64255059361461,0.576022032210017,0.65527457878379,0.645071830980042,0.666750924422134,0.545717482869841,0.702036077820727,0.442281342254889,0.472287931424217,0.905472502929872,0.525413756000736,0.57626154677441,0.715872872779571,0.639213733544751,0.468250671888402,0.634759461517837,0.643082058575167,0.768883767126133,0.663500203773217,0.586313856108259,0.554937870901088,0.554825019465918,0.566978415529924,0.582374826499015,0.595411503223502,0.683693961723477,0.547669180379978,0.561439910343668
L_PrCo,0.418067779738222,0.347164927064954,0.523367259018106,0.544478045692494,0.444604407782538,0.430143959474678,0.408064964817868,0.436886977634297,0.305857833203213,0.354034894671099,0.480438327635361,0,0.413078917599428,0.485169066161641,0.545222010004369,0.378600720502641,0.65135917413249,0.453434803752138,0.505208434964258,0.484573676884646,0.707602775458596,0.440152955472,0.386701187248999,0.445566110007663,0.368805389006543,0.359316149028944,0.476306688391682,0.391027960598325,0.334779887040739,0.429847653589605,0.367767299830138,0.460677189645185,0.51084713437014,0.461250989973004,0.460339880582931,0.382726954659961,0.341246360774537,0.278980555964432,0.359311531257469,0.434850918352232,0.477515158339582,0.450782787011471,0.472777045324634,0.482017121150617,0.329249969298214,0.545693090069804,0.46858798980981,0.47563425058703,0.484604082821515,0.493048324345735,0.40353898583867,0.368688600069219,0.392311961700396,0.343169944046493,0.381472827641678,0.503733249334799,0.37555840048251,0.349597069853928
L_Ri,0.528847127265686,0.42149598517921,0.517437016986603,0.625876671548533,0.75069938569211,0.571680536416847,0.53569022566133,0.38095124583775,0.427545012019825,0.484242064045837,0.544298639603371,0.413078917599428,0,0.652142325061097,0.600243807771286,0.497461019258967,0.582078427378855,0.512217842033987,0.555935016660506,0.619438435113532,0.476746767415012,0.55836620275411,0.528938142326001,0.56587199656772,0.542885311189436,0.447251315334861,0.66799712862776,0.403823779495752,0.477075940461298,0.511840004883021,0.433158476815893,0.491446854620357,0.560633678789946,0.665148459407772,0.627213778794055,0.478884171382028,0.412053886801431,0.405651333714179,0.486401912373935,0.520077005922864,0.400927605858584,0.633921319158281,0.627205418705387,0.597461645371436,0.482715137422333,0.514687497270883,0.552474637338887,0.533981671378239,0.62773429230939,0.465672208894239,0.550230828889422,0.518371559249811,0.496707356442549,0.538132036762557,0.512056480759019,0.64324942939522,0.412124070496423,0.492238642009378
L_S1,0.65262758003055,0.493247782546058,0.685800575514348,0.756062940336458,0.7686420905821,0.698997367467557,0.588200844951026,0.551465177102516,0.488773687406748,0.540020917636563,0.719131651249559,0.485169066161641,0.652142325061097,0,0.814290117924212,0.549072243955535,0.673212707262063,0.654559321970918,0.672821822907794,0.707517603405889,0.592715483546013,0.645492816187093,0.588137290566836,0.63281012008788,0.637601427338253,0.580591262378411,0.754411412372694,0.483617641166228,0.576125248777396,0.63061758089883,0.526009843245612,0.637838202054186,0.724179777216785,0.740482460511059,0.707179558917102,0.583027333417125,0.517895961986388,0.468858604873885,0.52966206931568,0.684225420047571,0.516127503545062,0.651944055514606,0.906766113307197,0.787947037406071,0.535823479815347,0.652136260685106,0.673431221324041,0.642070092301534,0.716765067655309,0.615549313463644,0.621621567254398,0.594223829197416,0.594319241994094,0.597025053189573,0.618050669969158,0.748248060842804,0.519352070056461,0.591786458299627
L_S2,0.553974442762966,0.465728557895918,0.85733720421372,0.817980130195107,0.769194463546834,0.586466715726241,0.539620909521231,0.496323095490835,0.42478583834301,0.457083274956255,0.614147511670341,0.545222010004369,0.600243807771286,0.814290117924212,0,0.489848266596568,0.646458525312968,0.610623598462773,0.631060916384957,0.661525659704991,0.727674251936932,0.558149911872456,0.514040353796581,0.618640209985606,0.583213946997127,0.454684060573564,0.687294932632658,0.457860200880527,0.450304807714929,0.544281135604583,0.481341539831628,0.697627792060238,0.740715108343408,0.692300668995814,0.612796484552488,0.535061348271694,0.445161270425841,0.400396618996313,0.470614059985723,0.589384479171535,0.506562956813025,0.573324660356444,0.776051829508502,0.841787035657374,0.468630920998012,0.59848394557504,0.61896166967972,0.57246070246277,0.660712212354207,0.618599271450423,0.576602657416746,0.52153701459762,0.525128975010803,0.530842028613946,0.505245325894323,0.687985425255303,0.479645145638887,0.471141832222147
L_SN,0.465159270372658,0.32634764028217,0.425715014862392,0.486860788459952,0.49907422807294,0.521455227799521,0.464083581892836,0.330338231615592,0.755806068107939,0.713260701487506,0.494024505599721,0.378600720502641,0.497461019258967,0.549072243955535,0.489848266596568,0,0.473723214814124,0.513044576341548,0.48993240067433,0.581665348588567,0.39218522351658,0.617553951625672,0.813545854145875,0.461311743998127,0.420391300781131,0.426281255313793,0.538347520400699,0.369697708764436,0.756689847920419,0.483855472448155,0.359348031900088,0.371941750581841,0.423231265658699,0.458789389642011,0.547609328698657,0.499269914579159,0.36431903754568,0.741591669272196,0.705406779640843,0.468104238720451,0.379915403605356,0.457277843610382,0.551112407947433,0.434130207281209,0.808570193684475,0.427230125596273,0.567278441363074,0.452236072461084,0.579775119976206,0.364564636882746,0.61791241853065,0.770841485691794,0.426795527687612,0.395488007233014,0.499922632319586,0.567040278719706,0.355425663909917,0.753180681654301
L_agranularIns_bin,0.612961308417849,0.522476475199169,0.630990416361772,0.759906524446391,0.673095251201301,0.589852927078605,0.616916877462353,0.474193044165842,0.404551566848572,0.485263365641028,0.658064796251304,0.65135917413249,0.582078427378855,0.673212707262063,0.646458525312968,0.473723214814124,0,0.592619272662575,0.726342400091278,0.680875932730335,0.664218320586283,0.583851518425931,0.496170338039472,0.654091301208314,0.500512537194112,0.490088394129032,0.729443390368255,0.543387329018484,0.461470932179074,0.580547394606055,0.527548777005648,0.567038617453298,0.667710012450363,0.633016529563747,0.634693440275737,0.557064571656542,0.475180373347606,0.373902695794414,0.454894682442656,0.615752872832596,0.581106081922528,0.580706776672693,0.645729480321613,0.629809039429764,0.440552807047036,0.746404403814246,0.62600477179341,0.664006306660424,0.673096837866286,0.625693552822372,0.562020079180334,0.483963346188806,0.599625542642134,0.516529079622585,0.539214090765896,0.697243122968539,0.548973779498611,0.47001243285474
L_amygdala,0.552317663869622,0.408219050579909,0.553382317622472,0.654314938412557,0.591156554249044,0.574395299633992,0.604812052355822,0.443750342416482,0.52634171515893,0.492561507984639,0.603630556852425,0.453434803752138,0.512217842033987,0.654559321970918,0.610623598462773,0.513044576341548,0.592619272662575,0,0.577595486504879,0.685255571832456,0.488809573067048,0.597701089369372,0.60434956142127,0.607088174094618,0.530721633386582,0.43931348824127,0.676184434405084,0.455745945193171,0.540822160601987,0.550781392759447,0.410605268848251,0.488420352206851,0.614698211043076,0.56186345210667,0.595672262615785,0.571091379482478,0.420346111238745,0.510347291660422,0.497231454294429,0.600221969858584,0.447103726656334,0.50071229483733,0.635750678431385,0.546205801455938,0.513034844955868,0.587827639896394,0.773635644332235,0.563503697240312,0.668748509283677,0.46196972119497,0.588370726949574,0.617114951715896,0.619705479021746,0.486414805309902,0.478334447940196,0.672112542281688,0.403150144274067,0.540649724720203
L_area13,0.662509786372617,0.65920489898127,0.573461943701421,0.645575626353931,0.659048766866118,0.609434080598353,0.596484465628429,0.690311979359972,0.456103061691378,0.485219818059081,0.79001515551492,0.505208434964258,0.555935016660506,0.672821822907794,0.631060916384957,0.48993240067433,0.726342400091278,0.577595486504879,0,0.65824974862347,0.58593737897383,0.605604088441349,0.520680377710639,0.547975552813815,0.515579920146396,0.492928382784541,0.694027165688234,0.56747571595029,0.497815097454812,0.655205026581947,0.652699474356902,0.522136780652486,0.596528328620075,0.626514067587593,0.633122961625244,0.559670524019786,0.604553703401477,0.425689042649662,0.470255609403429,0.739212877555383,0.51389453816455,0.577502203607927,0.664255287350679,0.604158514325172,0.457382495054824,0.644827116008861,0.571913871357212,0.791975208754262,0.661614367719348,0.56099832903199,0.552619536508919,0.525514308054211,0.525980161168749,0.484698346240816,0.533197840202857,0.66909246208517,0.533102297394823,0.518363409768515
L_caudate,0.646210289987339,0.537017288961766,0.635143791498204,0.67654157302356,0.677416015989148,0.681932968685956,0.714286512361573,0.495384477441907,0.56411277999701,0.594815376414677,0.656182299531535,0.484573676884646,0.619438435113532,0.707517603405889,0.661525659704991,0.581665348588567,0.680875932730335,0.685255571832456,0.65824974862347,0,0.55574125846979,0.689173884054711,0.627002790054889,0.582196010739195,0.57761531291046,0.503338145239422,0.821979929573505,0.539180634095481,0.680091212396499,0.631071220061437,0.546162490437023,0.576371646002352,0.629028685918531,0.666587072804207,0.710188408573819,0.678722983813544,0.487782662767527,0.557761020312035,0.593835174463542,0.629009369344326,0.466858357694213,0.610806417546706,0.694651247612225,0.642648745943132,0.57565550545095,0.63520964371387,0.712848644012871,0.653293897729816,0.895973924103393,0.536081340836301,0.70275037736,0.640515941054711,0.563018709910718,0.551903550639048,0.540393902351987,0.811891129079519,0.527176508220819,0.671310997855961
L_dAIC_custom_bin_agranTrim,0.48206019404544,0.419709817220072,0.768370997694474,0.641725881332595,0.526366201073893,0.489937218777024,0.458924152785055,0.48759160344873,0.336643681116387,0.365608639140325,0.541149679014801,0.707602775458596,0.476746767415012,0.592715483546013,0.727674251936932,0.39218522351658,0.664218320586283,0.488809573067048,0.58593737897383,0.55574125846979,0,0.4755701257874,0.416334436516258,0.47401937801575,0.438705605820457,0.371629596486752,0.552970513433333,0.404288503695503,0.369129172911168,0.474696013249206,0.426241039777701,0.62788034176677,0.596677488952455,0.527815245751032,0.510496261839496,0.448115358643567,0.371857082506084,0.324647042799165,0.364697577333179,0.484207078708524,0.50049996990106,0.474800148947709,0.571478026831806,0.619609083895651,0.372394950461285,0.572643184897009,0.508441912606674,0.51049997574909,0.550989986919388,0.63890702167152,0.471677684532029,0.425809266492924,0.415099784534353,0.374543173144309,0.405726846303365,0.578131642097988,0.445283961959852,0.382136457873972
L_globus_pallidus,0.555874449963338,0.41851280637375,0.500107148938396,0.595637340330001,0.639952414599512,0.585590276786695,0.650496401643852,0.433005237396885,0.534336084160198,0.572051253501345,0.593298670249972,0.440152955472,0.55836620275411,0.645492816187093,0.558149911872456,0.617553951625672,0.583851518425931,0.597701089369372,0.605604088441349,0.689173884054711,0.4755701257874,0,0.7031774825483,0.538311372283383,0.528576907778783,0.447541661354806,0.791076207258724,0.483578340043426,0.641265621270773,0.519537405838843,0.440337516802096,0.524069826200969,0.607246085415733,0.629529118236453,0.597262174915043,0.592431931362459,0.395748368574618,0.52261161675087,0.539481726535096,0.544324904371967,0.463257365863323,0.565215838930748,0.642407278605286,0.579789421156906,0.596284847483938,0.597175135926648,0.602846995703504,0.574604089100803,0.670383941694472,0.537155012578377,0.748650626454913,0.664180151789736,0.533489748199458,0.480661004699447,0.521130313536584,0.763020204761981,0.484175551140378,0.6501272113221
L_hypothalamus,0.522187765582182,0.341562943092284,0.468220834498892,0.526823650123649,0.524900538882876,0.549624804507913,0.525951914526656,0.372960041631186,0.745202963713449,0.681036066900801,0.556260498703844,0.386701187248999,0.528938142326001,0.588137290566836,0.514040353796581,0.813545854145875,0.496170338039472,0.60434956142127,0.520680377710639,0.627002790054889,0.416334436516258,0.7031774825483,0,0.480465846997853,0.488363564044245,0.446363186685094,0.585397391954715,0.408034145105403,0.783238001582775,0.537277789469967,0.400472147288503,0.441399592966138,0.489148279934664,0.519292145713648,0.563313245258545,0.55053594769538,0.416671287685766,0.753252613211299,0.690249734545671,0.542829963763169,0.407494716962697,0.51621988448885,0.585860559399684,0.500787660652919,0.781848882616228,0.459995692960333,0.639713866088408,0.505499374848463,0.623954891958564,0.422547561412214,0.721698480117475,0.883966295981726,0.470440831322154,0.459801923563163,0.510069724538285,0.630648661076768,0.392522760806283,0.790102010185915
L_paraIns,0.524156997152932,0.407237487509987,0.515793425708963,0.822695543199659,0.707456099664641,0.54820899602086,0.550548848795187,0.428642612264465,0.370751240378825,0.448350927437412,0.582658764451914,0.445566110007663,0.56587199656772,0.63281012008788,0.618640209985606,0.461311743998127,0.654091301208314,0.607088174094618,0.547975552813815,0.582196010739195,0.47401937801575,0.538311372283383,0.480465846997853,0,0.474890579578277,0.501569373494278,0.674817113940882,0.429552574032138,0.409442954615201,0.516329799896637,0.425880957141177,0.478639281962814,0.690753500911705,0.653943974937226,0.595550060567837,0.520472486165506,0.38053534727486,0.345330342842865,0.429023924235568,0.543957821549704,0.466790207580076,0.563686834612504,0.622825056921903,0.600320815330149,0.40954603721953,0.641552779063778,0.615314523783968,0.522115213786429,0.590770287176133,0.490700139642732,0.5224861206035,0.477270345544002,0.695476363518812,0.50041247752938,0.55556157435714,0.660618041920939,0.469654075964173,0.429586327044699
L_parietal_lobule_area3b,0.528478974623076,0.434497945523635,0.527236368965603,0.580276605846977,0.60793228491109,0.535878004990266,0.495827909265263,0.429233654757636,0.391328262707959,0.412155517835429,0.581181111094056,0.368805389006543,0.542885311189436,0.637601427338253,0.583213946997127,0.420391300781131,0.500512537194112,0.530721633386582,0.515579920146396,0.57761531291046,0.438705605820457,0.528576907778783,0.488363564044245,0.474890579578277,0,0.345636226900664,0.606510517823544,0.429196474768814,0.417285142449469,0.517746217027571,0.455896557764481,0.524548276505362,0.565332808151057,0.624053537033729,0.566580661961349,0.464839294791191,0.409515945159054,0.368459899954552,0.410736744211827,0.548715222822741,0.399715061473134,0.522613244809683,0.603871665237958,0.592622414190889,0.414159482521925,0.487563122021186,0.557182718699892,0.516087341042822,0.558502602797861,0.504896706218638,0.506396548575321,0.475497192978739,0.476115199742179,0.633881229163728,0.388599178180026,0.613066713660467,0.44229033703038,0.43641324641377
L_posterior_medial_cortex_area7m,0.560665393972104,0.438570020794894,0.405516741515501,0.514007352790851,0.520049891521348,0.652113202085262,0.426319027787916,0.442198636751927,0.371453883826994,0.454276436738088,0.575867956515194,0.359316149028944,0.447251315334861,0.580591262378411,0.454684060573564,0.426281255313793,0.490088394129032,0.43931348824127,0.492928382784541,0.503338145239422,0.371629596486752,0.447541661354806,0.446363186685094,0.501569373494278,0.345636226900664,0,0.550897971335411,0.376808505459004,0.446701819512712,0.499365003530644,0.404683465990446,0.388856831206567,0.47924257669428,0.507902884114445,0.627697779606004,0.402885751406449,0.348814662818978,0.345491333071556,0.424321192065286,0.540797081288197,0.318899293619503,0.545623309365538,0.545716518471959,0.45779886799738,0.42958917860302,0.475208784871214,0.446868857692942,0.442204444646661,0.538593519884248,0.369083110832102,0.456303406960364,0.451410793363259,0.445944881811481,0.390237135425154,0.905616818519466,0.550907593324207,0.432035973380423,0.454850687406797
L_putamen,0.63961829164228,0.53309607066612,0.632671776569438,0.767961508590555,0.798413720038955,0.689056675806881,0.733266038948838,0.525665580937609,0.50023909269613,0.563433442924673,0.698488899734393,0.476306688391682,0.66799712862776,0.754411412372694,0.687294932632658,0.538347520400699,0.729443390368255,0.676184434405084,0.694027165688234,0.821979929573505,0.552970513433333,0.791076207258724,0.585397391954715,0.674817113940882,0.606510517823544,0.550897971335411,0,0.551160049589024,0.611115030142574,0.608933729347048,0.539628287544937,0.622453111874155,0.721805871003493,0.741805958751136,0.705929423700312,0.674683679303995,0.477649369224625,0.480438288537822,0.544766924741183,0.655359824000967,0.524304048820811,0.644531135892902,0.74152889745617,0.689500349274142,0.52109322504571,0.703827706322045,0.693640556309166,0.663776207948465,0.827208356880283,0.597736622443883,0.734566406065793,0.585472373797993,0.613602210663366,0.591945372302797,0.596628973720597,0.8948064565839,0.570773648100672,0.617380551699394
L_subgenual_area25,0.46030570358675,0.504147121712109,0.426416561050995,0.521012612746579,0.493611406535523,0.463499990528114,0.608502625349999,0.400276729605602,0.299958514846504,0.349032947345838,0.562178871546428,0.391027960598325,0.403823779495752,0.483617641166228,0.457860200880527,0.369697708764436,0.543387329018484,0.455745945193171,0.56747571595029,0.539180634095481,0.404288503695503,0.483578340043426,0.408034145105403,0.429552574032138,0.429196474768814,0.376808505459004,0.551160049589024,0,0.373434453469837,0.444935083198503,0.443475797128219,0.436558142714759,0.512732265514143,0.518601364265669,0.47621576004556,0.509320778052307,0.37594033405728,0.315698177551215,0.380968796400882,0.519246163974327,0.404652711316807,0.444444909705583,0.487816560519391,0.475596458489008,0.329803631486051,0.528453493440584,0.506693808815445,0.509179167600027,0.51601100153641,0.472822261986053,0.491705409511171,0.415877697047312,0.425135537686922,0.406211535600759,0.383073728342437,0.576881403682208,0.76364119127788,0.386986472889486
L_thalamus_ohne_genicula,0.507202366941351,0.352492138208494,0.430857234005792,0.487992596365747,0.491592521978541,0.541550427654346,0.508980458058973,0.389086702669207,0.806334378984007,0.681722607475586,0.528193117011479,0.334779887040739,0.477075940461298,0.576125248777396,0.450304807714929,0.756689847920419,0.461470932179074,0.540822160601987,0.497815097454812,0.680091212396499,0.369129172911168,0.641265621270773,0.783238001582775,0.409442954615201,0.417285142449469,0.446701819512712,0.611115030142574,0.373434453469837,0,0.519623913124649,0.404989264732541,0.399037904486628,0.443690109917674,0.460038053002555,0.548877370954583,0.544150678544282,0.420221753053898,0.811805597786573,0.663828722324314,0.527700408218156,0.366820370930685,0.449230743595333,0.576200246788666,0.449195470665507,0.754987643589601,0.43047118608045,0.581685100225495,0.493721430190539,0.677070028582939,0.385682519358226,0.669797834838394,0.789790257809778,0.411358934743183,0.415811574273102,0.495485639213736,0.612554022175827,0.360609537310799,0.950514926780641
R_ACC_area24,0.810071616604483,0.636939211692022,0.496794632728434,0.577538951425199,0.580699730831982,0.654196337373407,0.525173513844504,0.645760084422321,0.45722187403956,0.454427886486597,0.756921576794395,0.429847653589605,0.511840004883021,0.63061758089883,0.544281135604583,0.483855472448155,0.580547394606055,0.550781392759447,0.655205026581947,0.631071220061437,0.474696013249206,0.519537405838843,0.537277789469967,0.516329799896637,0.517746217027571,0.499365003530644,0.608933729347048,0.444935083198503,0.519623913124649,0,0.666412049853795,0.493891427573084,0.544789263877679,0.58938759907356,0.709587814272156,0.533552042489506,0.595101062962611,0.463854857129633,0.467916559571506,0.761826153874194,0.444289530694491,0.533165970195388,0.625941450670771,0.568259867174632,0.470435728179411,0.573892945685699,0.586139142916263,0.668916710857059,0.643902475158426,0.498620886466967,0.53503307456168,0.546282633522514,0.501127448391497,0.492382101717676,0.528631037988562,0.623783232347677,0.505345836576351,0.553367120097876
R_ACC_area32,0.590291266111723,0.792432486151509,0.446327701193783,0.481606277730863,0.494944930381302,0.50614690480074,0.433140813418534,0.581472699283203,0.334422299427407,0.349956733683158,0.64255059361461,0.367767299830138,0.433158476815893,0.526009843245612,0.481341539831628,0.359348031900088,0.527548777005648,0.410605268848251,0.652699474356902,0.546162490437023,0.426241039777701,0.440337516802096,0.400472147288503,0.425880957141177,0.455896557764481,0.404683465990446,0.539628287544937,0.443475797128219,0.404989264732541,0.666412049853795,0,0.47544845156122,0.485054930494117,0.498435117948487,0.548156756620358,0.402373837450516,0.522516029562668,0.312374901216489,0.352269976742748,0.61923583475545,0.399835572659333,0.44704646839135,0.522007201160307,0.511034265591285,0.33203857474283,0.525564262469909,0.447717398936603,0.678683797569945,0.566362158201285,0.476401147026414,0.433876561040528,0.404151124569219,0.379619200319062,0.403653814948166,0.431121875596061,0.529440679590992,0.491087010017369,0.413457653509718
R_Idfm_custom_bin,0.504637315524451,0.451566555911263,0.755718501625244,0.65308218054783,0.599974285728831,0.492953264899484,0.49596730129214,0.41911549440989,0.331001532555552,0.396453086544552,0.576022032210017,0.460677189645185,0.491446854620357,0.637838202054186,0.697627792060238,0.371941750581841,0.567038617453298,0.488420352206851,0.522136780652486,0.576371646002352,0.62788034176677,0.524069826200969,0.441399592966138,0.478639281962814,0.524548276505362,0.388856831206567,0.622453111874155,0.436558142714759,0.399037904486628,0.493891427573084,0.47544845156122,0,0.810907890560077,0.645525346345838,0.520570751241826,0.468340980886166,0.410367015163431,0.315844705458177,0.397149844417323,0.540144543783168,0.518655880793908,0.514324683993813,0.662815205380974,0.83613236090408,0.370312931451242,0.597122710302311,0.535936744970166,0.524009054583782,0.576458712126168,0.775854599990713,0.484005024511759,0.429004815372976,0.42673324990918,0.490886603887461,0.421001981396277,0.642832989051694,0.4617895156545,0.42661511609841
R_Idys,0.554909559983667,0.455656815308649,0.681107713312156,0.834464454084587,0.699223855259952,0.562622089381665,0.598784395548784,0.491760036266149,0.367540226195565,0.437757894441815,0.65527457878379,0.51084713437014,0.560633678789946,0.724179777216785,0.740715108343408,0.423231265658699,0.667710012450363,0.614698211043076,0.596528328620075,0.629028685918531,0.596677488952455,0.607246085415733,0.489148279934664,0.690753500911705,0.565332808151057,0.47924257669428,0.721805871003493,0.512732265514143,0.443690109917674,0.544789263877679,0.485054930494117,0.810907890560077,0,0.777613003903106,0.599553261019314,0.539492914006501,0.480390833441778,0.342606113037348,0.42219753648021,0.619373629532078,0.582730474377337,0.575168372316316,0.753111912001561,0.843782800644173,0.396348318041166,0.720562960738823,0.634374499742839,0.60383943912762,0.637021410808909,0.734152328351699,0.580365083135266,0.481494276548506,0.743020223385897,0.566176861108966,0.51001101449949,0.759016881630509,0.528987270543355,0.483901988927311
R_Ig,0.617590975662575,0.485574092307024,0.58971254957268,0.747347260244519,0.807257036653915,0.670613111952717,0.605541710711227,0.491357941987712,0.395642719583451,0.481942732902625,0.645071830980042,0.461250989973004,0.665148459407772,0.740482460511059,0.692300668995814,0.458789389642011,0.633016529563747,0.56186345210667,0.626514067587593,0.666587072804207,0.527815245751032,0.629529118236453,0.519292145713648,0.653943974937226,0.624053537033729,0.507902884114445,0.741805958751136,0.518601364265669,0.460038053002555,0.58938759907356,0.498435117948487,0.645525346345838,0.777613003903106,0,0.685659349405887,0.551674722484779,0.43938726332001,0.366332567110179,0.484183613618369,0.597179257375644,0.472061666189828,0.779642546870573,0.738751972700417,0.803700464854849,0.445029487503742,0.615716703233499,0.624093130366921,0.610946603164047,0.678142565274749,0.596501842864717,0.628559292797943,0.49728251559481,0.617502132078406,0.663155455530718,0.557525473477085,0.791694641933419,0.544576120649637,0.509173722709517
R_MCC,0.728868417288752,0.561610757219493,0.548606109341142,0.63530816320078,0.690303976317606,0.863500993674853,0.580894576419984,0.51495101169166,0.489783886940593,0.561365891059802,0.666750924422134,0.460339880582931,0.627213778794055,0.707179558917102,0.612796484552488,0.547609328698657,0.634693440275737,0.595672262615785,0.633122961625244,0.710188408573819,0.510496261839496,0.597262174915043,0.563313245258545,0.595550060567837,0.566580661961349,0.627697779606004,0.705929423700312,0.47621576004556,0.548877370954583,0.709587814272156,0.548156756620358,0.520570751241826,0.599553261019314,0.685659349405887,0,0.530992020870847,0.482426417731651,0.474047979022553,0.544076090223463,0.634428710036213,0.463491548946794,0.652001498770758,0.692479274786948,0.610388473228095,0.542950851289867,0.61299962599409,0.6246555770276,0.607787760691617,0.707304356960421,0.504278173791645,0.619387084605036,0.583247961069436,0.574197823798799,0.54299166177824,0.675821520725975,0.702049096133381,0.519368973840112,0.572958713359662
R_NAc,0.531372189592742,0.426370940049132,0.491989623702253,0.588786723313642,0.570983932536411,0.532522846809561,0.674063215243397,0.416197164747401,0.492930792570538,0.508206972437269,0.545717482869841,0.382726954659961,0.478884171382028,0.583027333417125,0.535061348271694,0.499269914579159,0.557064571656542,0.571091379482478,0.559670524019786,0.678722983813544,0.448115358643567,0.592431931362459,0.55053594769538,0.520472486165506,0.464839294791191,0.402885751406449,0.674683679303995,0.509320778052307,0.544150678544282,0.533552042489506,0.402373837450516,0.468340980886166,0.539492914006501,0.551674722484779,0.530992020870847,0,0.421558767613616,0.493027839066332,0.523029908665969,0.527661692490313,0.415848317582912,0.488751398489146,0.585387972278122,0.535786943764541,0.492155177102076,0.569943648717936,0.612934657830558,0.556337714201911,0.70169165251173,0.449704841328842,0.603025814591572,0.580175235093837,0.503788941841165,0.46152136898168,0.436251506442477,0.706879990603851,0.597830513554242,0.563454933224803
R_OFC,0.561577292053584,0.477575344992534,0.407463397332694,0.478476770261739,0.454445723963095,0.446827392643849,0.408593786151099,0.690213569306535,0.365892135734424,0.362489841215885,0.702036077820727,0.341246360774537,0.412053886801431,0.517895961986388,0.445161270425841,0.36431903754568,0.475180373347606,0.420346111238745,0.604553703401477,0.487782662767527,0.371857082506084,0.395748368574618,0.416671287685766,0.38053534727486,0.409515945159054,0.348814662818978,0.477649369224625,0.37594033405728,0.420221753053898,0.595101062962611,0.522516029562668,0.410367015163431,0.480390833441778,0.43938726332001,0.482426417731651,0.421558767613616,0,0.367848735211929,0.305725520744092,0.786449603092954,0.506657324296641,0.379239693738047,0.51955911245908,0.467882732578759,0.380390577463872,0.501546255787096,0.461815322098529,0.722281393604317,0.488691275580002,0.451223577855505,0.382011111309924,0.43067694774762,0.417461831795516,0.430876992252877,0.366726826866065,0.487815559752423,0.363025031808681,0.449948084445605
R_PAG,0.426072841736048,0.269721935078646,0.367467155889201,0.39681921732373,0.395168047060777,0.472340915681353,0.414848087200553,0.315723895591393,0.916939472045408,0.689125320365221,0.442281342254889,0.278980555964432,0.405651333714179,0.468858604873885,0.400396618996313,0.741591669272196,0.373902695794414,0.510347291660422,0.425689042649662,0.557761020312035,0.324647042799165,0.52261161675087,0.753252613211299,0.345330342842865,0.368459899954552,0.345491333071556,0.480438288537822,0.315698177551215,0.811805597786573,0.463854857129633,0.312374901216489,0.315844705458177,0.342606113037348,0.366332567110179,0.474047979022553,0.493027839066332,0.367848735211929,0,0.691497075446072,0.460652758963308,0.309873022644121,0.378559314908726,0.478768426526546,0.353765493557963,0.758066775913437,0.348315489196841,0.548461080444877,0.425422847357829,0.551826732158137,0.299170053862045,0.555927684941887,0.780945480516046,0.383526775687527,0.347602848127905,0.403780711108462,0.501340626399153,0.288103442495518,0.811846604571129
